date,Confirmed,Deaths,Recovered,Latitude,Longitude,FIPS,Lat,Long_,Active,new_Confirmed,new_Recovered,new_Deaths,p_new_Confirmed,p_new_Recovered,p_new_Deaths
2020-01-22,547.0,17.0,28.0,0.0,0.0,0.0,0.0,0.0,0.0,0.0,0.0,0.0,0.0,0.0,0.0
2020-01-23,639.0,18.0,30.0,0.0,0.0,0.0,0.0,0.0,0.0,92.0,2.0,1.0,0.14397496087636932,0.06666666666666667,0.05555555555555555
2020-01-24,916.0,26.0,36.0,0.0,0.0,0.0,0.0,0.0,0.0,277.0,6.0,8.0,0.30240174672489084,0.16666666666666666,0.3076923076923077
2020-01-25,1399.0,42.0,39.0,0.0,0.0,0.0,0.0,0.0,0.0,483.0,3.0,16.0,0.34524660471765545,0.07692307692307693,0.38095238095238093
2020-01-26,2062.0,56.0,49.0,0.0,0.0,0.0,0.0,0.0,0.0,663.0,10.0,14.0,0.3215324927255092,0.20408163265306123,0.25
2020-01-27,2863.0,82.0,58.0,0.0,0.0,0.0,0.0,0.0,0.0,801.0,9.0,26.0,0.27977645826056585,0.15517241379310345,0.3170731707317073
2020-01-28,5494.0,131.0,101.0,0.0,0.0,0.0,0.0,0.0,0.0,2631.0,43.0,49.0,0.4788860575172916,0.42574257425742573,0.37404580152671757
2020-01-29,6070.0,133.0,120.0,0.0,0.0,0.0,0.0,0.0,0.0,576.0,19.0,2.0,0.09489291598023064,0.15833333333333333,0.015037593984962405
2020-01-30,8124.0,171.0,135.0,0.0,0.0,0.0,0.0,0.0,0.0,2054.0,15.0,38.0,0.2528311176760217,0.1111111111111111,0.2222222222222222
2020-01-31,9783.0,213.0,214.0,0.0,0.0,0.0,0.0,0.0,0.0,1659.0,79.0,42.0,0.16957988347132782,0.3691588785046729,0.19718309859154928
2020-02-01,11871.0,259.0,275.0,0.0,0.0,0.0,0.0,0.0,0.0,2088.0,61.0,46.0,0.17589082638362397,0.22181818181818183,0.1776061776061776
2020-02-02,16607.0,361.0,463.0,0.0,0.0,0.0,0.0,0.0,0.0,4736.0,188.0,102.0,0.28518094779309927,0.4060475161987041,0.28254847645429365
2020-02-03,19693.0,425.0,614.0,0.0,0.0,0.0,0.0,0.0,0.0,3086.0,151.0,64.0,0.15670542832478546,0.24592833876221498,0.15058823529411763
2020-02-04,23680.0,490.0,843.0,0.0,0.0,0.0,0.0,0.0,0.0,3987.0,229.0,65.0,0.16836993243243242,0.27164887307236063,0.1326530612244898
2020-02-05,27409.0,562.0,1115.0,0.0,0.0,0.0,0.0,0.0,0.0,3729.0,272.0,72.0,0.1360502024882338,0.24394618834080717,0.12811387900355872
2020-02-06,30553.0,632.0,1476.0,0.0,0.0,0.0,0.0,0.0,0.0,3144.0,361.0,70.0,0.10290315189997709,0.244579945799458,0.11075949367088607
2020-02-07,34075.0,717.0,1998.0,0.0,0.0,0.0,0.0,0.0,0.0,3522.0,522.0,85.0,0.10336023477622891,0.26126126126126126,0.11854951185495119
2020-02-08,36778.0,804.0,2595.0,0.0,0.0,0.0,0.0,0.0,0.0,2703.0,597.0,87.0,0.07349502419924955,0.2300578034682081,0.10820895522388059
2020-02-09,39790.0,904.0,3218.0,0.0,0.0,0.0,0.0,0.0,0.0,3012.0,623.0,100.0,0.07569741140990198,0.19359850839030454,0.11061946902654868
2020-02-10,42306.0,1011.0,3917.0,0.0,0.0,0.0,0.0,0.0,0.0,2516.0,699.0,107.0,0.059471469767881625,0.178452897625734,0.10583580613254204
2020-02-11,44327.0,1111.0,4635.0,0.0,0.0,0.0,0.0,0.0,0.0,2021.0,718.0,100.0,0.045592979448191844,0.15490830636461705,0.09000900090009001
2020-02-12,44699.0,1116.0,5079.0,0.0,0.0,0.0,0.0,0.0,0.0,2022.0,444.0,5.0,0.04523591131792658,0.0874187832250443,0.004480286738351254
2020-02-13,59832.0,1368.0,6213.0,0.0,0.0,0.0,0.0,0.0,0.0,1820.0,1134.0,252.0,0.030418505147747025,0.18252052148720424,0.18421052631578946
2020-02-14,66292.0,1520.0,7973.0,0.0,0.0,0.0,0.0,0.0,0.0,5093.0,1760.0,152.0,0.07682676642732154,0.22074501442367991,0.1
2020-02-15,68347.0,1662.0,9294.0,0.0,0.0,0.0,0.0,0.0,0.0,2055.0,1321.0,142.0,0.03006715730024727,0.14213471056595653,0.08543922984356198
2020-02-16,70446.0,1765.0,10748.0,0.0,0.0,0.0,0.0,0.0,0.0,2099.0,1454.0,103.0,0.029795872015444452,0.13528098250837364,0.058356940509915016
2020-02-17,72364.0,1863.0,12455.0,0.0,0.0,0.0,0.0,0.0,0.0,1918.0,1707.0,98.0,0.026504891935216407,0.13705339221196305,0.052603327965646804
2020-02-18,74139.0,2002.0,14199.0,0.0,0.0,0.0,0.0,0.0,0.0,1775.0,1744.0,139.0,0.023941515261872968,0.12282555109514755,0.06943056943056942
2020-02-19,74546.0,2114.0,15952.0,0.0,0.0,0.0,0.0,0.0,0.0,407.0,1753.0,112.0,0.005459716148418426,0.10989217652958877,0.052980132450331126
2020-02-20,74999.0,2236.0,18002.0,0.0,0.0,0.0,0.0,0.0,0.0,453.0,2050.0,122.0,0.006040080534407125,0.11387623597378069,0.05456171735241502
2020-02-21,75472.0,2236.0,18693.0,0.0,0.0,0.0,0.0,0.0,0.0,473.0,691.0,0.0,0.006267224931100276,0.03696570908896378,0.0
2020-02-22,76922.0,2441.0,22687.0,0.0,0.0,0.0,0.0,0.0,0.0,1450.0,3994.0,205.0,0.018850263903694653,0.17604795697976816,0.08398197460057354
2020-02-23,76938.0,2443.0,23170.0,0.0,0.0,0.0,0.0,0.0,0.0,16.0,483.0,2.0,0.00020795965582676962,0.02084592145015106,0.0008186655751125665
2020-02-24,77152.0,2593.0,24990.0,0.0,0.0,0.0,0.0,0.0,0.0,214.0,1820.0,150.0,0.002773745333886354,0.07282913165266107,0.057848052448900886
2020-02-25,77660.0,2663.0,27650.0,0.0,0.0,0.0,0.0,0.0,0.0,508.0,2660.0,70.0,0.006541334020087561,0.09620253164556962,0.026286143447239955
2020-02-26,78065.0,2715.0,30053.0,0.0,0.0,0.0,0.0,0.0,0.0,405.0,2403.0,52.0,0.0051879843719976945,0.07995873956011047,0.019152854511970532
2020-02-27,78498.0,2744.0,32898.0,0.0,0.0,0.0,0.0,0.0,0.0,433.0,2845.0,29.0,0.005516064103544039,0.08647942124141285,0.010568513119533527
2020-02-28,78824.0,2788.0,36291.0,0.0,0.0,0.0,0.0,0.0,0.0,326.0,3393.0,44.0,0.004135796204201766,0.09349425477391089,0.015781922525107604
2020-02-29,79251.0,2835.0,39279.0,0.0,0.0,0.0,0.0,0.0,0.0,427.0,2988.0,47.0,0.0053879446316134815,0.07607118307492554,0.016578483245149912
2020-03-01,79826.0,2870.0,42118.0,1035.615,3457.8300000000004,0.0,0.0,0.0,0.0,575.0,2839.0,35.0,0.00720316688798136,0.06740585972743245,0.012195121951219513
2020-03-02,80026.0,2912.0,44810.0,1035.615,3457.8300000000004,0.0,0.0,0.0,0.0,200.0,2692.0,42.0,0.0024991877639767074,0.06007587592055345,0.014423076923076924
2020-03-03,80151.0,2945.0,47404.0,1035.615,3457.8300000000004,0.0,0.0,0.0,0.0,125.0,2594.0,33.0,0.0015595563374131327,0.054721120580541724,0.011205432937181663
2020-03-04,80271.0,2981.0,49955.0,1035.615,3457.8300000000004,0.0,0.0,0.0,0.0,120.0,2551.0,36.0,0.0014949359046230893,0.05106595936342708,0.012076484401207649
2020-03-05,80422.0,3013.0,52240.0,1035.615,3457.8300000000004,0.0,0.0,0.0,0.0,151.0,2285.0,32.0,0.0018775956827733705,0.043740428790199085,0.010620643876535016
2020-03-06,80573.0,3042.0,53888.0,1035.615,3457.8300000000004,0.0,0.0,0.0,0.0,151.0,1648.0,29.0,0.0018740769240316235,0.030581947743467935,0.00953320184089415
2020-03-07,80652.0,3070.0,55478.0,1035.615,3457.8300000000004,0.0,0.0,0.0,0.0,79.0,1590.0,28.0,0.0009795169369637455,0.028660009373084827,0.009120521172638436
2020-03-08,80699.0,3097.0,57320.0,1035.615,3457.8300000000004,0.0,0.0,0.0,0.0,47.0,1842.0,27.0,0.0005824111822947001,0.03213538032100489,0.00871811430416532
2020-03-09,80735.0,3120.0,58735.0,1035.615,3457.8300000000004,0.0,0.0,0.0,0.0,36.0,1415.0,23.0,0.0004459032637641667,0.024091257342300162,0.007371794871794872
2020-03-10,80757.0,3136.0,60106.0,1035.615,3457.8300000000004,0.0,0.0,0.0,0.0,22.0,1371.0,16.0,0.00027242220488626375,0.0228097028582837,0.00510204081632653
2020-03-11,80921.0,3161.0,61644.0,1157.4405999999997,3902.7689000000005,0.0,0.0,0.0,0.0,164.0,1538.0,25.0,0.0020266679848247055,0.024949711245214456,0.007908889591901298
2020-03-12,80932.0,3172.0,62901.0,1157.4405999999997,3902.7689000000005,0.0,0.0,0.0,0.0,11.0,1257.0,11.0,0.00013591657193693472,0.019983784041589164,0.0034678436317780582
2020-03-13,80945.0,3180.0,64196.0,1080.0817,3685.5800000000004,0.0,0.0,0.0,0.0,13.0,1295.0,8.0,0.0001606028784977454,0.020172596423453176,0.0025157232704402514
2020-03-14,80977.0,3193.0,65660.0,1080.0817,3685.5800000000004,0.0,0.0,0.0,0.0,32.0,1464.0,13.0,0.0003951739382787705,0.022296679865976242,0.004071406201064829
2020-03-15,81003.0,3203.0,67017.0,1080.0817,3685.5800000000004,0.0,0.0,0.0,0.0,26.0,1357.0,10.0,0.0003209757663296421,0.020248593640419595,0.0031220730565095223
2020-03-16,81033.0,3217.0,67910.0,1080.0817,3685.5800000000004,0.0,0.0,0.0,0.0,30.0,893.0,14.0,0.0003702195401873311,0.013149757031365042,0.004351880634131178
2020-03-17,81058.0,3230.0,68798.0,1080.0817,3685.5800000000004,0.0,0.0,0.0,0.0,25.0,888.0,13.0,0.00030842113054849613,0.012907351957905754,0.004024767801857585
2020-03-18,81102.0,3241.0,69755.0,1080.0817,3685.5800000000004,0.0,0.0,0.0,0.0,44.0,957.0,11.0,0.0005425266947794136,0.013719446634649846,0.003394014193150262
2020-03-19,81156.0,3249.0,70535.0,1080.0817,3685.5800000000004,0.0,0.0,0.0,0.0,54.0,780.0,8.0,0.000665385184089901,0.01105833983128943,0.0024622960911049553
2020-03-20,81250.0,3253.0,71266.0,1080.0817,3685.580000000001,0.0,0.0,0.0,0.0,94.0,731.0,4.0,0.0011569230769230769,0.010257345718856116,0.0012296341838303104
2020-03-21,81305.0,3259.0,71857.0,1080.0817,3685.580000000001,0.0,0.0,0.0,0.0,55.0,591.0,6.0,0.0006764651620441547,0.00822466843870465,0.001841055538508745
2020-03-22,81397.0,3265.0,72362.0,0.0,0.0,0.0,1083.3366999999998,3684.419700000001,5770.0,92.0,505.0,6.0,0.0011302627860977678,0.0069788010281639536,0.0018376722817764165
2020-03-23,81496.0,3274.0,72819.0,0.0,0.0,0.0,1083.3367,3684.4197000000004,5403.0,99.0,457.0,9.0,0.0012147835476587808,0.006275834603606202,0.002748930971288943
2020-03-24,81591.0,3281.0,73280.0,0.0,0.0,0.0,1083.3367,3684.4197000000004,5030.0,95.0,461.0,7.0,0.0011643441065803826,0.006290938864628821,0.0021334958854007926
